11
300
4
0 1 1000 
0 2 1000 
0 3 1000 
0 4 1000 
0 5 1000 
0 6 1000 
0 7 1000 
0 8 1000 
0 9 1000 
0 10 1000 
1 2 778 
1 3 94 
1 4 288
1 5 900
1 6 950
1 7 1000 
1 8 948
1 9 1000
1 10 1000
2 3 900
2 4 740 
2 5 900
2 6 1000
2 7 1000
2 8 1000
2 9 902
2 10 990
3 4 1000
3 5 880 
3 6 270 
3 7 578
3 8 900
3 9 1000
3 10 950 
4 5 772
4 6 1000 
4 7 751
4 8 1000 
4 9 395
4 10 890
5 6 900
5 7 990
5 8 1000 
5 9 893 
5 10 640 
6 7 46 
6 8 152 
6 9 714 
6 10 847
7 6 900 
7 8 765 
7 9 408 
7 10 67 
8 9 931
8 10 1000 
9 10 716